game number,percentage won,percentage lost,percentage draw
1,51,49,0
2,49,50,1
3,50,41,9
4,43,42,15
5,40,47,13
6,57,24,19
7,57,25,18
8,45,28,27
9,49,17,34
10,46,27,27
11,47,22,31
12,46,26,28
13,50,21,29
14,48,28,24
15,52,20,28
16,54,16,30
17,58,11,31
18,57,22,21
19,58,17,25
20,61,12,27
21,55,17,28
22,52,20,28
23,54,16,30
24,55,12,33
25,53,12,35
26,52,17,31
27,53,13,34
28,49,22,29
29,55,14,31
30,57,15,28
